1	101
1	18155
1	8094
10	18164
10	272
10	8103
100	18254
101	1
101	8094
102	8056
103	8057
105	8058
106	8320
1086	693
1086	787
1086	9105
1086	9140
1088	9073
109	8059
1093	8965
1093	9055
11	18165
11	273
11	8104
110	8060
1101	9074
111	8061
112	61
112	8190
1122	9059
113	8062
113	8189
113	95
1137	9032
114	8
114	8101
115	8
115	8101
116	3
116	8096
117	3
117	8096
1177	9040
118	8063
119	8064
1198	9004
12	18166
12	274
12	8105
120	8065
1204	9054
121	8066
122	8067
123	8068
124	8069
125	8070
126	8071
127	8072
128	8073
129	8074
13	18167
13	275
13	8106
130	8244
131	8241
133	8249
136	8242
1377	694
1377	788
1377	9106
1377	9141
1390	9022
1390	9138
14	18168
14	276
14	8107
1451	9021
1451	9137
1493	9136
15	18169
15	277
15	8108
1518	695
1518	789
1518	9107
1518	9142
1521	9123
1521	9226
1529	8951
1529	9000
1529	9060
1529	9120
1536	8954
1536	9024
1586	8960
1586	9030
16	18170
16	278
16	8109
17	18171
17	279
17	8110
17	8506
17	8516
1719	8968
1719	9002
1732	696
1732	790
1732	9011
1732	9143
175	8075
179	8243
18	18172
18	280
18	733
18	8111
18	827
18	8297
18	8322
18	8342
18	8414
18	8434
18	8454
18	8507
18	8517
18	8673
18	9233
184	8259
1859	697
1859	791
1859	9012
1859	9109
188	8258
19	18173
19	281
19	734
19	8112
19	828
19	8298
19	8323
19	8343
19	8415
19	8435
19	8455
19	8508
19	8518
19	8674
19	9234
190	8257
191	8256
1914	8953
1914	9023
1945	8950
1945	8999
1988	698
1988	792
1988	9013
1988	9110
1992	8962
1992	9033
1992	9139
2	18156
2	264
2	8095
20	18174
20	282
20	735
20	8113
20	829
20	8299
20	8324
20	8344
20	8416
20	8436
20	8456
20	8509
20	8519
20	8675
20	9235
2040	9061
2052	9036
2052	9122
2071	8956
2071	9026
21	18175
21	283
21	736
21	8114
21	830
21	8300
21	8325
21	8345
21	8417
21	8437
21	8457
21	8510
21	8520
21	8676
21	9236
2106	8961
2106	9031
2106	9119
2117	9098
2117	9121
212	8260
2190	699
2190	793
2190	9014
2190	9111
22	18176
22	284
22	737
22	8115
22	8301
22	831
22	8326
22	8346
22	8418
22	8438
22	8458
22	8511
22	8521
22	8677
22	9237
2202	9062
2243	9063
2243	9124
2263	9228
2264	9034
2299	8959
2299	9029
23	18177
23	285
23	738
23	8116
23	8302
23	832
23	8327
23	8347
23	8419
23	8439
23	8459
23	8512
23	8522
23	8678
23	9238
2300	9038
2342	9099
2342	9125
2344	9064
2346	9075
24	18178
24	286
24	739
24	8117
24	8303
24	8328
24	833
24	8348
24	8420
24	8440
24	8460
24	8513
24	8523
24	8679
24	9239
2439	700
2439	794
2439	9015
2439	9112
2465	8966
2465	9037
25	18179
25	287
25	740
25	8118
25	8304
25	8329
25	834
25	8349
25	8421
25	8441
25	8461
25	8514
25	8524
25	8680
25	9240
2504	9065
2504	9126
2505	9005
2520	8971
2520	9009
2520	9066
2520	9127
2555	9071
2555	9144
2583	9067
26	18180
26	288
26	741
26	8119
26	8305
26	8330
26	835
26	8350
26	8422
26	8442
26	8462
26	8515
26	8525
26	8681
26	9241
2604	9039
2613	9101
2613	9128
2618	9006
2618	9102
2618	9129
2633	9231
2635	8967
2635	9035
2636	9230
264	2
264	8076
264	8095
264	8261
2641	9100
2641	9130
2647	701
2647	795
2647	8963
2647	9016
2647	9113
2648	9068
265	3
265	8096
266	4
266	8097
267	5
267	8098
268	6
268	8099
2681	8957
2681	9027
2685	8958
2685	9028
2687	9007
2689	9131
269	7
269	8100
27	18181
27	289
27	8120
270	8
270	8101
2705	8998
2705	9053
2707	9010
2707	9132
271	8077
271	8102
271	8250
271	9
272	10
272	8078
272	8103
272	8251
273	11
273	8104
2737	257
2737	8952
2737	9001
2737:2343:3365:2190	8759
2739	9069
2739	9133
274	12
274	8105
274	8239
2746	9229
275	13
275	8079
275	8106
276	14
276	8107
276	8240
277	15
277	8080
277	8108
2770	9103
278	16
278	8109
279	17
279	8110
279	8506
279	8516
28	18182
28	290
28	8121
280	18
280	733
280	8111
280	827
280	8297
280	8322
280	8342
280	8414
280	842
280	8434
280	8454
280	847
280	8507
280	8517
280	8673
280	9233
281	19
281	734
281	8112
281	828
281	8298
281	8323
281	8343
281	8415
281	843
281	8435
281	8455
281	848
281	8508
281	8518
281	8674
281	9234
282	20
282	735
282	8113
282	829
282	8299
282	8324
282	8344
282	8416
282	8436
282	844
282	8456
282	849
282	8509
282	8519
282	8675
282	9235
283	21
283	736
283	8114
283	830
283	8300
283	8325
283	8345
283	8417
283	8437
283	845
283	8457
283	850
283	8510
283	8520
283	8676
283	9236
284	22
284	737
284	8115
284	8301
284	831
284	8326
284	8346
284	8418
284	8438
284	8458
284	8511
284	8521
284	8677
284	9237
285	23
285	738
285	8116
285	8302
285	832
285	8327
285	8347
285	8419
285	8439
285	8459
285	8512
285	8522
285	8678
285	9238
286	24
286	739
286	8117
286	8303
286	8328
286	833
286	8348
286	8420
286	8440
286	8460
286	8513
286	8523
286	8679
286	9239
2864	702
2864	796
2864	9017
2864	9114
2869	9227
287	25
287	740
287	8118
287	8304
287	8329
287	834
287	8349
287	8421
287	8441
287	8461
287	8514
287	8524
287	8680
287	9240
288	26
288	741
288	8119
288	8305
288	8330
288	835
288	8350
288	8422
288	8442
288	8462
288	8515
288	8525
288	8681
288	9241
289	27
289	8081
289	8120
29	18183
29	291
29	8122
290	28
290	8082
290	8121
291	29
291	8083
291	8122
291	8246
292	30
292	8084
292	8123
292	8248
293	31
293	8085
293	8124
293	8247
294	32
294	8086
294	8125
295	33
295	8126
296	34
296	8127
296	8362
296	8388
296	8526
296	8898
297	35
297	8128
297	8363
297	8389
297	8527
297	8899
2976	703
2976	797
2976	9018
2976	9115
297:344	662
298	36
298	8129
298	8364
298	8390
298	8528
298	8900
298:342	259
299	37
299	8130
299	8365
299	8391
299	8529
299	8901
3	18157
3	265
3	8096
30	18184
30	292
30	8123
300	38
300	8131
300	8366
300	8392
300	8530
300	8902
301	39
301	8132
301	8367
301	8393
301	8531
301	8903
302	40
302	8133
302	8368
302	8394
302	8532
302	8904
302:303:353	641
302:311:328	658
302:352	663
303	41
303	8134
303	8369
303	8395
303	8533
303	8905
303:353	638
304	42
304	8135
304	8370
304	8396
304	8534
304	8906
305	43
305	8136
305	8371
305	8397
305	8535
305	8907
306	44
306	8137
306	8372
306	8398
306	8536
306	8908
306:314	256
307	45
307	8138
307	8373
307	8399
307	8537
307	8909
3070	9070
308	46
308	8139
308	8374
308	8400
308	8538
308	8910
3083	704
3083	798
3083	8964
3083	9019
3083	9116
308:303:353	640
308:311:328	657
308:317	626
308:318	637
308:494	645
309	47
309	8140
309	8375
309	8401
309	8539
309	8911
309:342	258
31	18185
31	293
31	8124
310	48
310	8141
310	8376
310	8402
310	8540
310	8912
311	49
311	8142
311	8377
311	8403
311	8541
311	8913
311:328	655
312	50
312	8143
312	8378
312	8404
312	8542
312	8914
313	51
313	8144
313	8379
313	8405
313	8543
313	8915
314	52
314	8145
314	8380
314	8406
314	8544
314	8916
314:349	664
315	53
315	8146
315	8381
315	8407
315	8545
315	8917
315:303:353	642
315:308	260
315:332:339	263
316	54
316	8147
316	8382
316	8408
316	8546
316	8918
317	55
317	8148
317	8383
317	8409
317	8547
317	8919
318	56
318	8149
318	8384
318	8410
318	8548
318	8920
3189	705
3189	799
3189	9020
3189	9117
318:329	659
319	57
319	8150
319	8385
319	8411
319	8549
319	8921
32	18186
32	294
32	8125
320	58
320	8151
320	8386
320	8412
320	8550
320	8922
321	59
321	8152
321	8387
321	8413
321	8551
321	8923
322	60
322	8087
322	8153
322	8254
323	8154
323	96
324	62
324	8088
324	8155
324	8255
325	63
325	8156
3252	9104
3252	9134
326	64
326	8089
326	8157
327	65
327	8158
328	66
328	707
328	801
328	8159
328	8552
328	8924
328:340	261
329	67
329	708
329	802
329	8160
329	8553
329	8925
3294	706
3294	800
3294	9108
3294	9118
33	18187
33	295
33	8126
330	68
330	709
330	803
330	8161
330	8554
330	8926
3303	9008
3303	9135
330:328:339	612
330:330	592
330:331	650
330:338:334	665
330:340	601
330:340:281	604
330:340:282	594
331	69
331	710
331	804
331	8162
331	8555
331	8927
331:297	614
331:339	589
332	70
332	711
332	805
332	8163
332	8556
332	8928
333	71
333	712
333	806
333	8164
333	8557
333	8929
3339	8955
3339	9025
333:340	597
334	713
334	72
334	807
334	8165
334	8558
334	8930
335	714
335	73
335	808
335	8166
335	8559
335	8931
3357	9072
335:328	607
336	715
336	74
336	809
336	8167
336	8560
336	8932
337	716
337	75
337	810
337	8168
337	8561
337	8933
338	717
338	76
338	811
338	8169
338	8562
338	8934
338:296	631
338:303:353	639
338:311:328	656
338:317	625
338:318	636
338:330:328:339	613
338:334	610
338:339	591
338:340	602
338:340:281	606
338:340:282	596
338:347	611
338:494	644
339	718
339	77
339	812
339	8170
339	8563
339	8935
339:340	660
339:351	661
34	18188
34	296
34	8127
34	8362
34	8388
34	8526
34	8898
340	719
340	78
340	813
340	8171
340	8564
340	8936
3403	9232
340:281	605
340:282	595
340:296	630
340:317	624
340:318	635
340:334	609
340:339	588
340:340	600
340:340:281	603
340:340:282	593
340:342:339	649
340:346	620
340:346:281	616
341	720
341	79
341	814
341	8172
341	846
341	8565
341	8937
341:296	628
341:301	647
341:317	622
341:318	633
341:340	598
341:346	618
342	721
342	80
342	815
342	8173
342	8566
342	8938
343	722
343	81
343	816
343	8174
343	8567
343	8939
343:296	627
343:301	646
343:317	621
343:318	632
343:340	262
343:346	617
344	723
344	817
344	8175
344	82
344	8568
344	8940
345	724
345	8176
345	818
345	83
345	8569
345	8941
345:328:331	651
345:328:331:346	652
345:328:331:346:281	653
346	725
346	8177
346	819
346	84
346	8570
346	8942
346:345	654
347	726
347	8178
347	820
347	85
347	8571
347	8943
348	727
348	8179
348	821
348	8572
348	86
348	8944
349	728
349	8180
349	822
349	8573
349	87
349	8945
35	18189
35	297
35	8128
35	8363
35	8389
35	8527
35	8899
350	729
350	8181
350	823
350	8574
350	88
350	8946
351	730
351	8182
351	824
351	8575
351	89
351	8947
352	731
352	8183
352	825
352	8576
352	8948
352	90
353	732
353	8184
353	826
353	8577
353	8949
353	91
354	8090
354	8185
354	8252
354	92
355	8091
355	8186
355	93
356	8092
356	8187
356	8253
356	94
357	8093
357	8188
357	95
358	679
358	773
35:82	662
36	18190
36	298
36	8129
36	8364
36	8390
36	8528
36	8900
361	680
361	774
364	681
364	775
366	682
366	776
36:80	259
37	18191
37	299
37	8130
37	8365
37	8391
37	8529
37	8901
374	683
374	777
375	684
375	778
378	685
378	779
38	18192
38	300
38	8131
38	8366
38	8392
38	8530
38	8902
380	686
380	780
381	687
381	781
383	688
383	782
384	689
384	783
385	690
385	784
386	691
386	785
387	692
387	786
39	18193
39	301
39	8132
39	8367
39	8393
39	8531
39	8903
4	18158
4	266
4	8097
40	18194
40	302
40	8133
40	8368
40	8394
40	8532
40	8904
40:41:91	641
40:49:66	658
40:90	663
41	18195
41	303
41	8134
41	8369
41	8395
41	8533
41	8905
41:91	638
42	18196
42	304
42	8135
42	8370
42	8396
42	8534
42	8906
43	18197
43	305
43	8136
43	8371
43	8397
43	8535
43	8907
44	18198
44	306
44	8137
44	8372
44	8398
44	8536
44	8908
44:52	256
45	18199
45	307
45	8138
45	8373
45	8399
45	8537
45	8909
46	18200
46	308
46	8139
46	8374
46	8400
46	8538
46	8910
46:41:91	640
46:49:66	657
46:55	626
46:56	637
47	18201
47	309
47	8140
47	8375
47	8401
47	8539
47	8911
47:80	258
48	18202
48	310
48	8141
48	8376
48	8402
48	8540
48	8912
49	18203
49	311
49	8142
49	8377
49	8403
49	8541
49	8913
49:66	655
5	18159
5	267
5	8098
50	18204
50	312
50	8143
50	8378
50	8404
50	8542
50	8914
506:296	629
506:301	648
506:317	623
506:318	634
506:334	608
506:339	587
506:340	599
506:346	619
51	18205
51	313
51	8144
51	8379
51	8405
51	8543
51	8915
52	18206
52	314
52	8145
52	8380
52	8406
52	8544
52	8916
52:87	664
53	18207
53	315
53	8146
53	8381
53	8407
53	8545
53	8917
53:41:91	642
53:46	260
53:70:77	263
54	18208
54	316
54	8147
54	8382
54	8408
54	8546
54	8918
55	18209
55	317
55	8148
55	8383
55	8409
55	8547
55	8919
56	18210
56	318
56	8149
56	8384
56	8410
56	8548
56	8920
56:67	659
57	18211
57	319
57	8150
57	8385
57	8411
57	8549
57	8921
58	18212
58	320
58	8151
58	8386
58	8412
58	8550
58	8922
59	18213
59	321
59	8152
59	8387
59	8413
59	8551
59	8923
6	18160
6	268
6	8099
60	18214
60	322
60	8153
61	112
61	18215
61	8190
62	18216
62	324
62	8155
63	18217
63	325
63	8156
64	18218
64	326
64	8157
65	18219
65	327
65	8158
66	18220
66	328
66	707
66	801
66	8159
66	8552
66	8924
66:78	261
67	18221
67	329
67	708
67	802
67	8160
67	8553
67	8925
68	18222
68	330
68	709
68	803
68	8161
68	8554
68	8926
68:66:77	612
68:68	592
68:69	650
68:76:72	665
68:78	601
68:78:19	604
68:78:20	594
69	18223
69	331
69	710
69	804
69	8162
69	8555
69	8927
69:35	614
69:77	589
7	18161
7	269
7	8100
70	18224
70	332
70	711
70	805
70	8163
70	8556
70	8928
71	18225
71	333
71	712
71	806
71	8164
71	8557
71	8929
71:78	597
72	18226
72	334
72	713
72	807
72	8165
72	8558
72	8930
73	18227
73	335
73	714
73	808
73	8166
73	8559
73	8931
73:66	607
74	18228
74	336
74	715
74	809
74	8167
74	8560
74	8932
75	18229
75	337
75	716
75	810
75	8168
75	8561
75	8933
76	18230
76	338
76	717
76	811
76	8169
76	8562
76	8934
76:34	631
76:41:91	639
76:49:66	656
76:55	625
76:56	636
76:68:66:77	613
76:72	610
76:77	591
76:78	602
76:78:19	606
76:78:20	596
76:85	611
77	18231
77	339
77	718
77	812
77	8170
77	8563
77	8935
77:78	660
77:89	661
78	18232
78	340
78	719
78	813
78	8171
78	8564
78	8936
78:19	605
78:20	595
78:34	630
78:55	624
78:56	635
78:72	609
78:77	588
78:78	600
78:78:19	603
78:78:20	593
78:80:77	649
78:84	620
78:84:19	616
79	18233
79	341
79	720
79	814
79	8172
79	8565
79	8937
79:34	628
79:39	647
79:55	622
79:56	633
79:78	598
79:84	618
8	18162
8	270
8	8101
80	18234
80	342
80	721
80	815
80	8173
80	8566
80	8938
8094	1
8094	101
8094	18255
8095	18256
8095	2
8095	264
8096	18257
8096	265
8096	3
8097	18258
8097	266
8097	4
8098	18259
8098	267
8098	5
8099	18260
8099	268
8099	6
81	18235
81	343
81	722
81	816
81	8174
81	8567
81	8939
8100	18261
8100	269
8100	7
8101	18262
8101	270
8101	8
8102	18263
8102	271
8102	9
8103	10
8103	18264
8103	272
8104	11
8104	18265
8104	273
8105	12
8105	18266
8105	274
8106	13
8106	18267
8106	275
8107	14
8107	18268
8107	276
8108	15
8108	18269
8108	277
8109	16
8109	18270
8109	278
8110	17
8110	18271
8110	279
8110	8506
8110	8516
8111	18
8111	18272
8111	280
8111	733
8111	827
8111	8297
8111	8322
8111	8342
8111	8414
8111	8434
8111	8454
8111	8507
8111	8517
8111	8673
8111	9233
8112	18273
8112	19
8112	281
8112	734
8112	828
8112	8298
8112	8323
8112	8343
8112	8415
8112	8435
8112	8455
8112	8508
8112	8518
8112	8674
8112	9234
8113	18274
8113	20
8113	282
8113	735
8113	829
8113	8299
8113	8324
8113	8344
8113	8416
8113	8436
8113	8456
8113	8509
8113	8519
8113	8675
8113	9235
8114	18275
8114	21
8114	283
8114	736
8114	830
8114	8300
8114	8325
8114	8345
8114	8417
8114	8437
8114	8457
8114	8510
8114	8520
8114	8676
8114	9236
8115	18276
8115	22
8115	284
8115	737
8115	8301
8115	831
8115	8326
8115	8346
8115	8418
8115	8438
8115	8458
8115	8511
8115	8521
8115	8677
8115	9237
8116	18277
8116	23
8116	285
8116	738
8116	8302
8116	832
8116	8327
8116	8347
8116	8419
8116	8439
8116	8459
8116	8512
8116	8522
8116	8678
8116	9238
8117	18278
8117	24
8117	286
8117	739
8117	8303
8117	8328
8117	833
8117	8348
8117	8420
8117	8440
8117	8460
8117	8513
8117	8523
8117	8679
8117	9239
8118	18279
8118	25
8118	287
8118	740
8118	8304
8118	8329
8118	834
8118	8349
8118	8421
8118	8441
8118	8461
8118	8514
8118	8524
8118	8680
8118	9240
8119	18280
8119	26
8119	288
8119	741
8119	8305
8119	8330
8119	835
8119	8350
8119	8422
8119	8442
8119	8462
8119	8515
8119	8525
8119	8681
8119	9241
8120	18281
8120	27
8120	289
8121	18282
8121	28
8121	290
8122	18283
8122	29
8122	291
8123	18284
8123	292
8123	30
8124	18285
8124	293
8124	31
8125	18286
8125	294
8125	32
8126	18287
8126	295
8126	33
8127	18288
8127	296
8127	34
8127	8362
8127	8388
8127	8526
8127	8898
8128	18289
8128	297
8128	35
8128	8363
8128	8389
8128	8527
8128	8899
8128:8175	662
8129	18290
8129	298
8129	36
8129	8364
8129	8390
8129	8528
8129	8900
8129:8173	259
8130	18291
8130	299
8130	37
8130	8365
8130	8391
8130	8529
8130	8901
8131	18292
8131	300
8131	38
8131	8366
8131	8392
8131	8530
8131	8902
8132	18293
8132	301
8132	39
8132	8367
8132	8393
8132	8531
8132	8903
8133	18294
8133	302
8133	40
8133	8368
8133	8394
8133	8532
8133	8904
8133:8134:8184	641
8133:8142:8159	658
8133:8183	663
8134	18295
8134	303
8134	41
8134	8369
8134	8395
8134	8533
8134	8905
8134:8184	638
8135	18296
8135	304
8135	42
8135	8370
8135	8396
8135	8534
8135	8906
8136	18297
8136	305
8136	43
8136	8371
8136	8397
8136	8535
8136	8907
8137	18298
8137	306
8137	44
8137	8372
8137	8398
8137	8536
8137	8908
8137:8145	256
8138	18299
8138	307
8138	45
8138	8373
8138	8399
8138	8537
8138	8909
8139	18300
8139	308
8139	46
8139	8374
8139	8400
8139	8538
8139	8910
8139:8134:8184	640
8139:8142:8159	657
8139:8148	626
8139:8149	637
8140	18301
8140	309
8140	47
8140	8375
8140	8401
8140	8539
8140	8911
8140:8173	258
8141	18302
8141	310
8141	48
8141	8376
8141	8402
8141	8540
8141	8912
8142	18303
8142	311
8142	49
8142	8377
8142	8403
8142	8541
8142	8913
8142:8159	655
8143	18304
8143	312
8143	50
8143	8378
8143	8404
8143	8542
8143	8914
8144	18305
8144	313
8144	51
8144	8379
8144	8405
8144	8543
8144	8915
8145	18306
8145	314
8145	52
8145	8380
8145	8406
8145	8544
8145	8916
8145:8180	664
8146	18307
8146	315
8146	53
8146	8381
8146	8407
8146	8545
8146	8917
8146:8134:8184	642
8146:8139	260
8146:8163:8170	263
8147	18308
8147	316
8147	54
8147	8382
8147	8408
8147	8546
8147	8918
8148	18309
8148	317
8148	55
8148	8383
8148	8409
8148	8547
8148	8919
8149	18310
8149	318
8149	56
8149	8384
8149	8410
8149	8548
8149	8920
8149:8160	659
8150	18311
8150	319
8150	57
8150	8385
8150	8411
8150	8549
8150	8921
8151	18312
8151	320
8151	58
8151	8386
8151	8412
8151	8550
8151	8922
8152	18313
8152	321
8152	59
8152	8387
8152	8413
8152	8551
8152	8923
8153	18314
8153	322
8153	60
8154	18315
8154	323
8154	96
8155	18316
8155	324
8155	62
8156	18317
8156	325
8156	63
8157	18318
8157	326
8157	64
8158	18319
8158	327
8158	65
8159	18320
8159	328
8159	66
8159	707
8159	801
8159	8552
8159	8924
8159:8171	261
8160	18321
8160	329
8160	67
8160	708
8160	802
8160	8553
8160	8925
8161	18322
8161	330
8161	68
8161	709
8161	803
8161	8554
8161	8926
8161:8159:8170	612
8161:8161	592
8161:8162	650
8161:8169:8165	665
8161:8171	601
8161:8171:8112	604
8161:8171:8113	594
8162	18323
8162	331
8162	69
8162	710
8162	804
8162	8555
8162	8927
8162:8128	614
8162:8170	589
8163	18324
8163	332
8163	70
8163	711
8163	805
8163	8556
8163	8928
8164	18325
8164	333
8164	71
8164	712
8164	806
8164	8557
8164	8929
8164:8171	597
8165	18326
8165	334
8165	713
8165	72
8165	807
8165	8558
8165	8930
8166	18327
8166	335
8166	714
8166	73
8166	808
8166	8559
8166	8931
8166:8159	607
8167	18328
8167	336
8167	715
8167	74
8167	809
8167	8560
8167	8932
8168	18329
8168	337
8168	716
8168	75
8168	810
8168	8561
8168	8933
8169	18330
8169	338
8169	717
8169	76
8169	811
8169	8562
8169	8934
8169:8127	631
8169:8134:8184	639
8169:8142:8159	656
8169:8148	625
8169:8149	636
8169:8161:8159:8170	613
8169:8165	610
8169:8170	591
8169:8171	602
8169:8171:8112	606
8169:8171:8113	596
8169:8178	611
8170	18331
8170	339
8170	718
8170	77
8170	812
8170	8563
8170	8935
8170:8171	660
8170:8182	661
8171	18332
8171	340
8171	719
8171	78
8171	813
8171	8564
8171	8936
8171:8112	605
8171:8113	595
8171:8127	630
8171:8148	624
8171:8149	635
8171:8165	609
8171:8170	588
8171:8171	600
8171:8171:8112	603
8171:8171:8113	593
8171:8173:8170	649
8171:8177	620
8171:8177:8112	616
8172	18333
8172	341
8172	720
8172	79
8172	814
8172	8565
8172	8937
8172:8127	628
8172:8132	647
8172:8148	622
8172:8149	633
8172:8171	598
8172:8177	618
8173	18334
8173	342
8173	721
8173	80
8173	815
8173	8566
8173	8938
8174	18335
8174	343
8174	722
8174	81
8174	816
8174	8567
8174	8939
8174:8127	627
8174:8132	646
8174:8148	621
8174:8149	632
8174:8171	262
8174:8177	617
8175	18336
8175	344
8175	723
8175	817
8175	82
8175	8568
8175	8940
8176	18337
8176	345
8176	724
8176	818
8176	83
8176	8569
8176	8941
8176:8159:8162	651
8176:8159:8162:8177	652
8176:8159:8162:8177:8112	653
8177	18338
8177	346
8177	725
8177	819
8177	84
8177	8570
8177	8942
8177:8176	654
8178	18339
8178	347
8178	726
8178	820
8178	85
8178	8571
8178	8943
8179	18340
8179	348
8179	727
8179	821
8179	8572
8179	86
8179	8944
8180	18341
8180	349
8180	728
8180	822
8180	8573
8180	87
8180	8945
8181	18342
8181	350
8181	729
8181	823
8181	8574
8181	88
8181	8946
8182	18343
8182	351
8182	730
8182	824
8182	8575
8182	89
8182	8947
8183	18344
8183	352
8183	731
8183	825
8183	8576
8183	8948
8183	90
8184	18345
8184	353
8184	732
8184	826
8184	8577
8184	8949
8184	91
8185	18346
8185	354
8185	92
8186	18347
8186	355
8186	93
8187	18348
8187	356
8187	94
8188	18349
8188	357
8188	95
8189	113
8189	18350
8189	95
8190	112
8190	18351
8190	61
81:34	627
81:39	646
81:55	621
81:56	632
81:78	262
81:84	617
82	18236
82	344
82	723
82	817
82	8175
82	8568
82	8940
83	18237
83	345
83	724
83	8176
83	818
83	8569
83	8941
83:66:69	651
83:66:69:84	652
83:66:69:84:19	653
84	18238
84	346
84	725
84	8177
84	819
84	8570
84	8942
84:83	654
85	18239
85	347
85	726
85	8178
85	820
85	8571
85	8943
86	18240
86	348
86	727
86	8179
86	821
86	8572
86	8944
87	18241
87	349
87	728
87	8180
87	822
87	8573
87	8945
8726	8245
8759	8760
88	18242
88	350
88	729
88	8181
88	823
88	8574
88	8946
89	18243
89	351
89	730
89	8182
89	824
89	8575
89	8947
9	18163
9	271
9	8102
90	18244
90	352
90	731
90	8183
90	825
90	8576
90	8948
91	18245
91	353
91	732
91	8184
91	826
91	8577
91	8949
92	18246
92	354
92	8185
93	18247
93	355
93	8186
94	18248
94	356
94	8187
95	113
95	18249
95	8189
96	18250
96	323
96	8154
97	18251
98	18252
99	18253
