3436 1086
3437 1086
3438 1086
3439 1086
3440 1086
3441 1086
3442 1086
3443 1086
3444 1086
3445 1086
3446 1086
3447 1086
3448 1086
3449 1086
3450 1086
3451 1086
3452 1086
3453 1086
3454 1086
3455 1086
3456 1086
3457 1086
3458 1086
3459 1086
3460 1086 1162
3461 1086
3462 1086
3463 1086
3464 1086
3465 1087
3466 1087
3467 1087
3468 1087
3469 1087
3470 1087
3471 1087
3472 1087
3473 1087
3474 1087
3475 1087
3476 1088
3477 1088
3478 1088
3479 1088
3480 1088
3481 1088
3482 1088
3483 1088
3484 1088
3485 1088
3486 1088
3487 1088
3488 1088
3489 1088
3490 1088
3491 1088
3492 1088
3493 1088
3494 1088
3495 1088
3496 1088
3497 1088
3498 1088
3499 1088
3500 1090
3501 1090
3502 1090
3503 1090
3504 1090
3505 1090
3506 1090
3507 1090
3508 1090
3509 1090
3510 1093
3511 1093
3512 1093
3513 1093
3514 1093
3515 1093
3516 1093
3517 1093
3518 1093
3519 1093
3520 1093
3521 1093
3522 1093
3523 1093
3524 1093
3525 1093
3526 1093
3527 1093
3528 1093
3529 1093
3530 1094
3531 1094
3532 1094
3533 1094
3534 1094
3535 1094
3536 1098
3537 1098
3538 1098
3539 1098
3540 1098
3541 1098
3542 1098
3543 1098
3544 1098
3545 1098
3546 1098
3547 1098
3548 1098
3549 1098
3550 1098
3551 1098
3552 1098
3553 1098
3554 1098
3555 1098
3556 1098
3557 1098
3558 1098 3302
3559 1098
3560 1104
3561 1104
3562 1104
3563 1104
3564 1104
3565 1104
3566 1104
3567 1104
3568 1104
3569 1104
3570 1104
3571 1104
3572 1104
3573 1104
3574 1104
3575 1104
3576 1104
3577 1104
3578 1104
3579 1105
3580 1105
3581 1112
3582 1112
3583 1112
3584 1114
3585 1122
3586 1122
3587 1122
3588 1122
3589 1122
3590 1122
3591 1122
3592 1122
3593 1122
3594 1122
3595 1122
3596 1122
3597 1122
3598 1122
3599 1122
3600 1122
3601 1124
3602 1124
3603 1124
3604 1124
3605 1124
3606 1124
3607 1124
3608 1124
3609 1124
3610 1124
3611 1124
3612 1124
3613 1126
3614 1126
3615 1126
3616 1126
3617 1128
3618 1128
3619 1128
3620 1128
3621 1128
3622 1128
3623 1128
3624 1129
3625 1129
3626 1129
3627 1137
3628 1137
3629 1137
3630 1146
3631 1146
3632 1146
3633 1146
3634 1146
3635 1146
3636 1146
3637 1148
3638 1148
3639 1148
3640 1148
3641 1148
3642 1148
3643 1148
3644 1148 3333
3645 1148
3646 1148
3647 1148
3648 1150
3649 1150
3650 1150
3651 1150
3652 1150
3653 1150
3654 1151
3655 1151
3656 1151
3657 1151
3658 1151
3659 1151
3660 1155
3661 1155
3662 1155
3663 1155
3664 1155
3665 1155
3666 1155
3667 1155
3668 1155
3669 1155
3670 1155
3671 1155
3672 1155
3673 1155
3674 1155
3675 1155
3676 1155
3677 1155
3678 1112 1155
3679 1155
3680 1155
3681 1155
3682 1155
3683 1155
3684 1155
3685 1155
3686 1155
3687 1155
3688 1155
3689 1155
3690 1155
3691 1155
3692 1155
3693 1155
3694 1155
3695 1155
3696 1155
3697 1155
3698 1155
3699 1155
3700 1155
3701 1155
3702 1155
3703 1155
3704 1155
3705 1157
3706 1157
3707 1157
3708 1157 1238
3709 1157
3710 1157
3711 1157
3712 1157
3713 1157
3714 1157
3715 1157
3716 1157
3717 1157
3718 1157
3719 1157
3720 1157
3721 1157
3722 1157
3723 1157
3724 1157
3725 1157
3726 1157
3727 1157
3728 1157
3729 1162
3730 1162
3731 1162
3732 1162
3733 1162
3734 1162
3735 1162
3736 1162
3737 1162
3738 1162
3739 1162
3740 1162
3741 1162
3742 1162
3743 1162
3744 1162
3745 1162
3746 1162
3747 1162
3748 1162
3749 1162
3750 1162
3751 1162
3752 1162
3753 1162
3754 1162
3755 1162
3756 1162
3757 1162
3758 1162
3759 1162
3760 1162
3761 1162
3762 1162
3763 1162
3764 1162
3765 1162
3766 1162
3767 1163
3768 1163
3769 1163
3770 1163
3771 1163
3772 1163
3773 1163
3774 1164
3775 1164
3776 1164
3777 1164
3778 1164
3779 1164
3780 1164
3781 1164
3782 1164
3783 1164
3784 1166
3785 1166
3786 1173
3787 1173
3788 1173
3789 1173
3790 1173
3791 1173
3792 1173
3793 1173
3794 1173
3795 1173
3796 1173
3797 1173
3798 1173
3799 1173
3800 1173
3801 1173
3802 1174 1177
3803 1175
3804 1175
3805 1175
3806 1175
3807 1175
3808 1175
3809 1175
3810 1175
3811 1175
3812 1175
3813 1175
3814 1175
3815 1176 3355
3816 1176
3817 1176
3818 1176
3819 1177
3820 1177
3821 1177
3822 1177
3823 1177
3824 1177
3825 1177
3826 1177
3827 1177
3828 1177
3829 1177
3830 1177
3831 1177
3832 1177
3833 1177
3834 1177
3835 1178
3836 1178
3837 1178
3838 1178
3839 1183
3840 1183
3841 1183
3842 1183
3843 1183
3844 1183
3845 1183
3846 1183
3847 1183
3848 1183
3849 1183
3850 1183
3851 1183
3852 1184
3853 1184
3854 1184
3855 1190
3856 1190
3857 1190
3858 1190
3859 1190
3860 1190
3861 1190
3862 1190
3863 1190
3864 1197
3865 1197
3866 1197
3867 1197
3868 1198
3869 1198
3870 1198
3871 1198
3872 1198
3873 1198
3874 1198
3875 1198
3876 1198
3877 1198
3878 1198
3879 1198
3880 1198
3881 1198
3882 1198
3883 1198
3884 1198
3885 1198
3886 1198
3887 1198
3888 1198
3889 1198
3890 1198
3891 1198
3892 1198
3893 1203
3894 1203
3895 1203
3896 1203
3897 1203
3898 1203
3899 1203
3900 1203
3901 1203
3902 1203 1224
3903 1203
3904 1203
3905 1203
3906 1203
3907 1203
3908 1203
3909 1203
3910 1203
3911 1203
3912 1203
3913 1203
3914 1203
3915 1203
3916 1203
3917 1203
3918 1203
3919 1203
3920 1203
3921 1203
3922 1203
3923 1203
3924 1203
3925 1203
3926 1203
3927 1203
3928 1203
3929 1203
3930 1203
3931 1203
3932 1203
3933 1203
3934 1203
3935 1203
3936 1203
3937 1203
3938 1203
3939 1203
3940 1203
3941 1203
3942 1203
3943 1203
3944 1203
3945 1203
3946 1203 1224 1232
3947 1204
3948 1204
3949 1204
3950 1204
3951 1204
3952 1204
3953 1205
3954 1205
3955 1205
3956 1205
3957 1205
3958 1205
3959 1207
3960 1207
3961 1207
3962 1207
3963 1214
3964 1214
3965 1214
3966 1214
3967 1214
3968 1214
3969 1218
3970 1218
3971 1218
3972 1218
3973 1218
3974 1218
3975 1218
3976 1218
3977 1218
3978 1218
3979 1219
3980 1219
3981 1219
3982 1219
3983 1219
3984 1222
3985 1222
3986 1222
3987 1222
3988 1222
3989 1222
3990 1224
3991 1224
3992 1224
3993 1224
3994 1231
3995 1231
3996 1231
3997 1231
3998 1231
3999 1231
4000 1231
4001 1231
4002 1231
4003 1231
4004 1231
4005 1231
4006 1231
4007 1231
4008 1231
4009 1232
4010 1232
4011 1232
4012 1232
4013 1232
4014 1232
4015 1233
4016 1235
4017 1235
4018 1235
4019 1235
4020 1235
4021 1235
4022 1235
4023 1236
4024 1236
4025 1236
4026 1236
4027 1236
4028 1236
4029 1236
4030 1236
4031 1236
4032 1236
4033 1236
4034 1236
4035 1236
4036 1236
4037 1236
4038 1240
4039 1240
4040 1240
4041 1240
4042 1240
4043 1240
4044 1240
4045 1240
4046 1240
4047 1240
4048 1240
4049 1240
4050 1240
4051 1241
4052 1241
4053 1241
4054 1241
4055 1241
4056 1241
4057 1241
4058 1243
4059 1243
4060 1243
4061 1243
4062 1245
4063 1245
4064 1245
4065 1245
4066 1245
4067 1245
4068 1245
4069 1245
4070 1245
4071 1245
4072 1245
4073 1245
4074 1245
4075 1245
4076 1245
4077 1245
4078 1245
4079 1245
4080 1245
4081 1245
4082 1245
4083 1245
4084 1245
4085 1245
4086 1245
4087 1245
4088 1245
4089 1245
4090 1245
4091 1245
4092 1245
4093 1245
4094 1245
4095 1245
4096 1245
4097 1245
4098 1245
4099 1245
4100 1245
4101 1245
4102 1245
4103 1245
4104 1245
4105 1245
4106 1245
4107 1245
4108 1245
4109 1245
4110 1245
4111 1245
4112 1245
4113 1245
4114 1245
4115 1245
4116 1104 1245
4117 1245
4118 1245
4119 1245
4120 1245
4121 1245
4122 1245
4123 1245
4124 1245
4125 1245
4126 1247
4127 1249
4128 1249
4129 1249
4130 1249
4131 1240 1251
4132 1370
4133 1377
4134 1377
4135 1377
4136 1377 1732
4137 1377
4138 1377
4139 1378 1733
4140 1380
4141 1380
4142 1380
4143 1382
4144 1382
4145 1385
4146 1385
4147 1385
4148 1385
4149 1385
4150 1386
4151 1386
4152 1389
4153 1389
4154 1394
4155 1394
4156 1377 1394
4157 1394
4158 1394
4159 1431 2504
4160 1433 2507
4161 1433 2507
4162 1433 2507
4163 1435 2511
4164 1435
4165 1435
4166 1435 2511
4167 1438 1784 2516
4168 1438
4169 1442
4170 1442
4171 1442
4172 1442 1789
4173 1442
4174 1442
4175 1450
4176 1450
4177 1450
4178 1457
4179 1457
4180 1463 2563
4181 1472
4182 1474
4183 1487 2604
4184 1487 2604
4185 1502
4186 1508
4187 1508 2633
4188 1509 2634
4189 1509 2634
4190 1518
4191 1518 2864
4192 1521 1734
4193 1521
4194 1521
4195 1521
4196 1521
4197 1521
4198 1521
4199 1521
4200 1521
4201 1521
4202 1521
4203 1521
4204 1521
4205 1521
4206 1521
4207 1521
4208 1521
4209 1521
4210 1521
4211 1521
4212 1523
4213 1523
4214 1523
4215 1523
4216 1523
4217 1528
4218 1528
4219 1528
4220 1528
4221 1528
4222 1528
4223 1528
4224 1528
4225 1528
4226 1528
4227 1528
4228 1528
4229 1528
4230 1528
4231 1528
4232 1528
4233 1528
4234 1529
4235 1529
4236 1529
4237 1529
4238 1529
4239 1532
4240 1532
4241 1532
4242 1532
4243 1532
4244 1532
4245 1532
4246 1532
4247 1532 3092
4248 1532
4249 1532
4250 1536
4251 1536
4252 1536
4253 1536
4254 1536
4255 1536
4256 1536
4257 1536
4258 1536
4259 1536
4260 1536
4261 1536
4262 1536
4263 1536
4264 1536
4265 1536
4266 1537 3094
4267 1547
4268 1547
4269 1576
4270 1576
4271 1576
4272 1576
4273 1576
4274 1576
4275 1576
4276 1576
4277 1576
4278 1576
4279 1576 3084
4280 1576
4281 1576
4282 1576
4283 1576
4284 1576
4285 1576
4286 1576
4287 1576
4288 1576
4289 1576
4290 1576
4291 1576
4292 1576
4293 1576
4294 1576
4295 1576
4296 1576
4297 1576
4298 1576
4299 1576
4300 1576
4301 1576
4302 1576
4303 1576
4304 1576
4305 1576
4306 1576
4307 1576
4308 1576
4309 1577
4310 1577
4311 1577
4312 1577
4313 1577
4314 1577
4315 1577
4316 1577
4317 1577
4318 1577 1601
4319 1578
4320 1578
4321 1578
4322 1578
4323 1578
4324 1578
4325 1578
4326 1578
4327 1578
4328 1578
4329 1580
4330 1580
4331 1586
4332 1586
4333 1586
4334 1586
4335 1586
4336 1586
4337 1586
4338 1586
4339 1586
4340 1586 3134
4341 1586
4342 1586
4343 1586
4344 1586
4345 1586
4346 1586
4347 1586
4348 1601
4349 1601
4350 1601
4351 1601
4352 1601
4353 1601
4354 1601
4355 1601
4356 1601
4357 1601
4358 1603
4359 1603
4360 1603
4361 1603
4362 1603
4363 1603
4364 1625
4365 1633
4366 1633
4367 1633
4368 1633
4369 1633
4370 1633
4371 1633
4372 1633
4373 1633
4374 1377 1732
4375 1377 1732
4376 1377 1732
4377 1377 1732
4378 1377 1732
4379 1377 1732
4380 1377 1732
4381 1377 1732
4382 1378 1733
4383 1378 1733
4384 1378 1733
4385 1733
4386 1378 1733
4387 1378 1733
4388 1378 1733
4389 1380 1734
4390 1380 1734
4391 1380 1734
4392 1734
4393 1734
4394 1380 1734
4395 1380 1734
4396 1380 1734
4397 1735
4398 1735
4399 1385 1736
4400 1736
4401 1736
4402 1736
4403 1385 1736
4404 1736
4405 1736
4406 1385 1736
4407 1385 1736
4408 1736
4409 1386 1737
4410 1386 1737
4411 1386 1737
4412 1389 1740
4413 1389 1740
4414 1389 1740
4415 1389 1740
4416 1740
4417 1740
4418 1740
4419 1389 1740
4420 1394 1744
4421 1744
4422 1744
4423 1744
4424 1402 1752
4425 1754 2465
4426 1754 2465
4427 1757 2472
4428 1757
4429 1757 2472
4430 1757 2472
4431 1757 2472
4432 1757
4433 1757
4434 1757
4435 1757 2472
4436 1757 2472
4437 1757 2472
4438 1757
4439 1757 2472
4440 1776
4441 1776
4442 1776 2504
4443 1776 2504
4444 1776 2504
4445 1776
4446 1776
4447 1776 2504
4448 1776
4449 1776 2504
4450 1776 2504
4451 1776
4452 1776
4453 1776 2504
4454 1776
4455 1776 2504
4456 1776 2504
4457 1776 2504
4458 1777 2505
4459 1777 2505
4460 1777 2505
4461 1777
4462 1777
4463 1777 2505
4464 1777
4465 1778 2507
4466 1778 2507
4467 1778
4468 1778 2507
4469 1778 2507
4470 1778 2507
4471 1778 2507
4472 1778 2507
4473 1778 2507
4474 1778 2507
4475 1778 2507
4476 1778 2507
4477 1779
4478 1779 2508
4479 1779 2508
4480 1779
4481 1779 2508
4482 1779 2508
4483 1780 2511
4484 1780
4485 1780 2511
4486 1780
4487 1780 2511
4488 1781 2512
4489 1784 2516
4490 1784
4491 1784 2516
4492 1784
4493 1784 2516
4494 1784 2516
4495 1784 2516
4496 1784
4497 1784 2516
4498 1784
4499 1784 2516
4500 1784
4501 1784 2516
4502 1784 2516
4503 1784 2516
4504 1784 2516
4505 1784
4506 1785 2520
4507 1785
4508 1785 2520
4509 1785 2520
4510 1785 2520
4511 1442 1789
4512 1789
4513 1442 1789
4514 1442 1789
4515 1789
4516 1789
4517 1442 1789
4518 1442 1789
4519 1442 1789
4520 1442 1789
4521 1442 1789
4522 1442 1789
4523 1789
4524 1442 1789
4525 1442 1789
4526 1442 1789
4527 1789
4528 1443 1790
4529 1443 1790
4530 1443 1790
4531 1443 1790
4532 1443 1790
4533 1443 1790
4534 1790
4535 1444 1791
4536 1450 1796
4537 1450 1796
4538 1796
4539 1796
4540 1796
4541 1450 1796
4542 1450 1796
4543 1801
4544 1801
4545 1457 1801
4546 1457 1801
4547 1457 1801
4548 1801
4549 1801
4550 1457 1801
4551 1808 2563
4552 1808 2563
4553 1808 2563
4554 1808
4555 1808 2563
4556 1808 2563
4557 1808 2563
4558 1808
4559 1808
4560 1808 2563
4561 1808 2563
4562 1808
4563 1813 2570
4564 1470 1814
4565 1814
4566 1470 1814
4567 1470 1814
4568 1470 1814
4569 1470 1814
4570 1814
4571 1470 1814
4572 1470 1814
4573 1814
4574 1814
4575 1814
4576 1470 1814
4577 1832 2604
4578 1832
4579 1832 2604
4580 1832
4581 1832 2604
4582 1832 2604
4583 1832
4584 1832 2604
4585 1832
4586 1832 2604
4587 1832
4588 1832 2604
4589 1832
4590 1832 2604
4591 1833 2605
4592 1833 2605
4593 1833 2605
4594 1834
4595 1834 2606
4596 1834 2606
4597 1834 2606
4598 1834
4599 1834 2606
4600 1835 2607
4601 1835 2607
4602 1835 2607
4603 1839 2611
4604 1494 1841
4605 1494 1841
4606 1499 1844
4607 1502 1847
4608 1847
4609 1502 1847
4610 1502 1847
4611 1502 1847
4612 1502 1847
4613 1851
4614 1851 2633
4615 1851
4616 1851 2633
4617 1851
4618 1851 2633
4619 1851
4620 1851 2633
4621 1851 2633
4622 1851
4623 1851
4624 1851
4625 1851 2633
4626 1851
4627 1851 2633
4628 1851
4629 1851 2633
4630 1851
4631 1851
4632 1851 2633
4633 1851 2633
4634 1851 2633
4635 1851
4636 1851 2633
4637 1851
4638 1853 2635
4639 1853
4640 1853 2635
4641 1853 2635
4642 1853 2635
4643 1853
4644 1853 2635
4645 1853 2635
4646 1853 2635
4647 1855 2640
4648 1855 2640
4649 1855
4650 1855 2640
4651 1855
4652 1856
4653 1856 2641
4654 1856 2641
4655 1856 2641
4656 1859
4657 1859
4658 1859
4659 1859
4660 1859
4661 1859
4662 1859
4663 1859
4664 1860
4665 1860
4666 1860
4667 1860
4668 1860
4669 1860
4670 1861
4671 1861
4672 1861
4673 1861
4674 1861
4675 1861
4676 1861
4677 1861
4678 1861
4679 1861
4680 1861
4681 1861
4682 1861
4683 1861
4684 1861
4685 1861
4686 1861
4687 1861
4688 1861
4689 1864
4690 1864
4691 1864
4692 1864
4693 1864
4694 1864
4695 1864
4696 1870
4697 1870
4698 1870
4699 1870
4700 1870
4701 1870
4702 1870
4703 1870
4704 1870
4705 1870
4706 1870
4707 1870
4708 1874
4709 1874
4710 1874
4711 1874
4712 1874
4713 1874
4714 1874
4715 1874
4716 1874
4717 1874
4718 1874
4719 1874
4720 1874
4721 1874
4722 1875
4723 1875
4724 1875
4725 1875
4726 1875
4727 1882
4728 1882
4729 1882
4730 1882
4731 1882
4732 1882
4733 1909
4734 1909
4735 1910
4736 1910
4737 1910
4738 1910
4739 1910
4740 1910
4741 1910
4742 1910
4743 1910
4744 1910
4745 1910
4746 1911
4747 1911
4748 1914
4749 1914
4750 1914
4751 1914
4752 1914
4753 1914
4754 1914
4755 1914
4756 1914
4757 1914
4758 1914
4759 1914
4760 1914
4761 1914
4762 1914
4763 1916
4764 1917
4765 1917
4766 1917
4767 1917
4768 1917
4769 1917
4770 1917
4771 1917
4772 1917
4773 1917
4774 1917
4775 1917
4776 1917
4777 1917
4778 1917
4779 1917
4780 1917
4781 1917
4782 1917
4783 1917
4784 1917
4785 1917
4786 1917
4787 1917
4788 1918
4789 1918
4790 1918
4791 1918
4792 1918
4793 1918
4794 1918
4795 1921
4796 1921
4797 1926
4798 1926
4799 1926
4800 1937
4801 1937
4802 1937
4803 1937
4804 1937
4805 1937
4806 1937
4807 1937
4808 1937
4809 1937
4810 1937
4811 1937
4812 1942
4813 1942
4814 1942
4815 1942
4816 1942
4817 1942
4818 1942
4819 1942
4820 1942
4821 1942
4822 1942
4823 1942
4824 1942
4825 1942
4826 1942
4827 1942
4828 1942
4829 1942
4830 1942
4831 1942
4832 1942
4833 1942
4834 1943
4835 1943
4836 1945
4837 1945
4838 1945
4839 1945
4840 1945
4841 1945
4842 1945
4843 1945
4844 1945
4845 1945
4846 1945
4847 1945
4848 1947
4849 1947
4850 1947
4851 1975
4852 1975
4853 1975
4854 1975
4855 1975
4856 1975
4857 1975
4858 1975
4859 1975
4860 1975
4861 1975
4862 1975
4863 1975
4864 1975
4865 1975
4866 1975
4867 1975
4868 1975
4869 1975
4870 1977
4871 1977
4872 1977
4873 1977
4874 1977
4875 1977
4876 1977
4877 1977
4878 1977
4879 1977
4880 1977
4881 1977
4882 1977
4883 1979
4884 1979
4885 1979
4886 1989
4887 1989
4888 1989
4889 1989
4890 1989
4891 1989
4892 1989
4893 1989
4894 1989
4895 1989
4896 1989
4897 1989
4898 1989
4899 1989
4900 1989
4901 1989
4902 1989
4903 1989
4904 1989
4905 1992
4906 1992
4907 1992
4908 1992
4909 1992
4910 1992
4911 1992
4912 1992
4913 1992
4914 1992
4915 1992
4916 1992
4917 1992
4918 1992
4919 1992
4920 1992
4921 1992
4922 1992 2019
4923 1992
4924 1992
4925 1992
4926 1992
4927 1992
4928 1992
4929 1992
4930 1994
4931 1994
4932 1994
4933 1994
4934 1994
4935 1994
4936 1994
4937 1994
4938 1994
4939 1994
4940 1994
4941 2001
4942 2001
4943 2001
4944 2001
4945 2001
4946 2001
4947 2001
4948 2001
4949 2001
4950 2001
4951 2001
4952 2001
4953 2001
4954 2001
4955 2001
4956 2001
4957 2001
4958 2001
4959 2001
4960 2001
4961 2001
4962 2001
4963 2001
4964 2001
4965 2001
4966 2001
4967 2001
4968 2001
4969 2003
4970 2003
4971 2003
4972 2003
4973 2003
4974 2003
4975 2003
4976 2003
4977 2003
4978 2003
4979 2003
4980 2003
4981 2003
4982 2003
4983 2003
4984 2003
4985 2003
4986 2003
4987 2003
4988 2004
4989 2004
4990 2004
4991 2004
4992 2004
4993 2004
4994 2004
4995 2004
4996 2019
4997 2019
4998 2019
4999 2019
5000 2019
5001 2019
5002 2019
5003 2019
5004 2019
5005 2021
5006 2021
5007 2021
5008 2021
5009 2023
5010 2023
5011 2023
5012 2023
5013 2023
5014 2023
5015 2023
5016 2023
5017 2023
5018 2024
5019 2024
5020 2039
5021 2039
5022 2039
5023 2039
5024 2039
5025 2039
5026 2039
5027 2039
5028 2039
5029 2039
5030 2039
5031 2040
5032 2040
5033 2040
5034 2040
5035 2040
5036 2040
5037 2041
5038 2041
5039 2041
5040 2041
5041 2045
5042 2045
5043 2045
5044 2045
5045 2045
5046 2045
5047 2045
5048 2045
5049 2045
5050 2045
5051 2045
5052 2045
5053 2045
5054 2045
5055 2045
5056 2045
5057 2045
5058 2049
5059 2049
5060 2049
5061 2049
5062 2049
5063 2049
5064 2049
5065 2049
5066 2049
5067 2049
5068 2049
5069 2049
5070 2049
5071 2049
5072 2049
5073 2049
5074 2050
5075 2050
5076 2050
5077 2050
5078 2050
5079 2050 2071
5080 2050
5081 2050
5082 2050
5083 2050
5084 2050
5085 2050
5086 2050
5087 2050
5088 2050 3241
5089 2050
5090 2050
5091 2052
5092 2053
5093 2057
5094 2057
5095 2057
5096 2057
5097 2057
5098 2057
5099 2057
5100 2057
5101 2057
5102 2057
5103 2057
5104 2057
5105 2057
5106 2057
5107 2057
5108 2057
5109 2071 2075
5110 2071
5111 2071
5112 2071
5113 2071
5114 2071
5115 2071
5116 2071
5117 2071
5118 2071
5119 2071
5120 2071
5121 2071
5122 2071
5123 2071
5124 2071
5125 2071
5126 2071
5127 2071
5128 2071
5129 2071
5130 2071
5131 2071
5132 2071
5133 2071
5134 2071
5135 2071
5136 2071
5137 2071
5138 2071
5139 2071
5140 2071
5141 2071
5142 2071
5143 2071
5144 2071
5145 2071
5146 2071
5147 2071
5148 2071
5149 2071
5150 2071
5151 2003 2072
5152 2073
5153 2073
5154 2073
5155 2073
5156 2073
5157 2073
5158 2073
5159 2073
5160 2073
5161 2073
5162 2073
5163 2073
5164 2073
5165 2073
5166 2073
5167 2073
5168 2073
5169 2073
5170 2073
5171 2075
5172 2075
5173 2075
5174 2075
5175 2081
5176 2081
5177 2081
5178 2081
5179 2081
5180 2081
5181 2106
5182 2106
5183 2106
5184 2106
5185 2106
5186 2106
5187 2106
5188 2106
5189 2106
5190 2106
5191 2106
5192 2106
5193 2106
5194 2106
5195 2106
5196 2106
5197 2106
5198 2106
5199 2106
5200 2106
5201 2106
5202 2106
5203 2106
5204 2106
5205 2106
5206 2106
5207 2106
5208 2106
5209 2106
5210 2106
5211 2106
5212 2106
5213 2106
5214 2106
5215 2106
5216 2106
5217 2106
5218 2106
5219 2106
5220 2106
5221 2106
5222 2106
5223 2108
5224 2108
5225 2108
5226 2108
5227 2108
5228 2108
5229 2108
5230 2108
5231 2108
5232 2108
5233 2108
5234 2108
5235 2108
5236 2108
5237 2114
5238 2114
5239 2114
5240 2114
5241 2190
5242 2190
5243 2190
5244 2190
5245 2190
5246 2190
5247 2190
5248 2190
5249 2190
5250 2190
5251 2190
5252 2190
5253 2190
5254 2190
5255 2190
5256 2190
5257 2190
5258 2190
5259 2190
5260 2190
5261 2190
5262 2190
5263 2190
5264 2190
5265 2190
5266 2190
5267 2190
5268 2190
5269 2190
5270 2190
5271 2190
5272 2190
5273 2190
5274 2190
5275 2190
5276 2190
5277 2190
5278 2190
5279 2190
5280 2190
5281 2190
5282 2190
5283 2190
5284 2190
5285 2190
5286 2190
5287 2190
5288 2190
5289 2190
5290 2190
5291 2190
5292 2190
5293 2190
5294 2190
5295 2190
5296 2190
5297 2190
5298 2190
5299 2190
5300 2190
5301 2191
5302 2191
5303 2193
5304 2193
5305 2193
5306 2193
5307 2193
5308 2193
5309 2193
5310 2193
5311 2193
5312 2193
5313 2193
5314 2193
5315 2195
5316 2195
5317 2195 2279
5318 2195
5319 2195
5320 2198
5321 2198
5322 2198
5323 2198
5324 2198
5325 2198
5326 2198
5327 2199
5328 2199
5329 2199
5330 2199
5331 2202
5332 2202
5333 2202
5334 2202
5335 2202
5336 2202
5337 2202
5338 2202
5339 2202
5340 2202
5341 2202
5342 2202
5343 2202
5344 2202
5345 2202
5346 2202
5347 2202
5348 2202
5349 2202
5350 2202
5351 2202 2658
5352 2202
5353 2202
5354 2202
5355 2202
5356 2202
5357 2202
5358 2202
5359 2202
5360 2202
5361 2202
5362 2204 2205
5363 2204
5364 2204
5365 2205
5366 2205
5367 2191 2205
5368 2205
5369 2212
5370 2212
5371 2212
5372 2212
5373 2226
5374 2226
5375 2226
5376 2226
5377 2226
5378 2226
5379 2226
5380 2226
5381 2226
5382 2226
5383 2226
5384 2226
5385 2226
5386 2226
5387 2226
5388 2226
5389 2226
5390 2226
5391 2226
5392 2226
5393 2226
5394 2226
5395 2226
5396 2226
5397 2226
5398 2226
5399 2226
5400 2226
5401 2226
5402 2226
5403 2227
5404 2227
5405 2227
5406 2227
5407 2227
5408 2227
5409 2227
5410 2227
5411 2227
5412 2227
5413 2227
5414 2227
5415 2227
5416 2227
5417 2227
5418 2230
5419 2230
5420 2230
5421 2230
5422 2230
5423 2230
5424 2230
5425 2230
5426 2230
5427 2230
5428 2230
5429 2230
5430 2230
5431 2230
5432 2230
5433 2230
5434 2230
5435 2230
5436 2230
5437 2230
5438 2230
5439 2230
5440 2230
5441 2230
5442 2230
5443 2230
5444 2230
5445 2230
5446 2230
5447 2230
5448 2230
5449 2230
5450 2232
5451 2232
5452 2232
5453 2232
5454 2232
5455 2232
5456 2232
5457 2232
5458 2232
5459 2232
5460 2232 2241 2508
5461 2232
5462 2232
5463 2235
5464 2235
5465 2235
5466 2235
5467 2235
5468 2235
5469 2235
5470 2235
5471 2236
5472 2236
5473 2236
5474 2239
5475 2239
5476 2239
5477 2239
5478 2239
5479 2239
5480 2239
5481 2239
5482 2239
5483 2239
5484 2239
5485 2212 2239
5486 2239
5487 2239
5488 2239
5489 2239
5490 2239
5491 2239
5492 2241
5493 2241
5494 2241
5495 2241
5496 2241
5497 2241
5498 2241
5499 2241
5500 2263
5501 2263
5502 2263
5503 2263
5504 2263
5505 2263
5506 2263
5507 2263
5508 2263
5509 2263
5510 2263
5511 2263
5512 2263
5513 2263
5514 2263
5515 2263
5516 2263
5517 2263
5518 2263
5519 2263
5520 2263
5521 2263
5522 2263
5523 2263
5524 2263
5525 2263
5526 2263
5527 2263
5528 2263
5529 2263
5530 2263
5531 2263
5532 2263
5533 2263
5534 2263
5535 2263
5536 2263
5537 2264
5538 2264
5539 2264
5540 2264
5541 2264
5542 2264
5543 2264
5544 2264
5545 2264
5546 2266
5547 2266
5548 2266
5549 2266
5550 2266
5551 2266
5552 1835 2267 2607
5553 2272
5554 2272
5555 2272
5556 2272
5557 2272
5558 2272
5559 2272
5560 2272
5561 2279
5562 2279
5563 2279
5564 2279
5565 2285
5566 2285
5567 2299
5568 2299
5569 2299
5570 2299
5571 2299
5572 2299
5573 2299
5574 2299
5575 2299
5576 2299
5577 2299
5578 2299
5579 2299
5580 2299
5581 2299
5582 2299
5583 2299
5584 2191 2299
5585 2299
5586 2299
5587 2299
5588 2299
5589 2299
5590 2299
5591 2299
5592 2299
5593 2299
5594 2299
5595 2299
5596 2299
5597 2299
5598 2299
5599 2299
5600 2299
5601 2299
5602 2299
5603 2299
5604 2299
5605 2299
5606 2299
5607 2299
5608 2299
5609 2299
5610 2299
5611 2299
5612 2299
5613 2299
5614 2299
5615 2299
5616 2299
5617 2299
5618 2299
5619 2299
5620 2299
5621 2299
5622 2299
5623 2299
5624 2299
5625 2299
5626 2299
5627 2299
5628 2300
5629 2300
5630 2300
5631 2300
5632 2300
5633 2300
5634 2300
5635 2300
5636 2300
5637 2300
5638 2300
5639 2300
5640 2301
5641 2301
5642 2301
5643 2301
5644 2301
5645 2301
5646 2301
5647 2301
5648 2301
5649 2301
5650 2301
5651 2301
5652 2301
5653 2301
5654 2301
5655 2301
5656 2301
5657 2301
5658 2301
5659 2301
5660 2301
5661 2301
5662 2301
5663 2301
5664 2301
5665 2301
5666 2301
5667 2303
5668 2303
5669 2303
5670 2303
5671 2307
5672 2307
5673 2307
5674 2336
5675 2336
5676 2336
5677 2339
5678 2339 2349
5679 2339
5680 2339
5681 2339
5682 2341
5683 2341
5684 2341
5685 2341
5686 2341
5687 2341
5688 2341
5689 2341
5690 2341
5691 2341
5692 2342
5693 2342
5694 2342
5695 2342
5696 2342
5697 2342
5698 2342
5699 2342
5700 2342
5701 2342
5702 2342
5703 2342
5704 2342
5705 2342
5706 2342
5707 2342
5708 2342
5709 2342
5710 2342
5711 2342
5712 2342
5713 2342
5714 2342
5715 2342
5716 2342
5717 2342
5718 2342
5719 2342
5720 2343
5721 2343
5722 2343
5723 2343
5724 2343
5725 2343
5726 2343
5727 2343
5728 2343
5729 2343
5730 2343
5731 2343 2769
5732 2343
5733 2343
5734 2343
5735 2344
5736 2344
5737 2344
5738 2344
5739 2344
5740 2344
5741 2344
5742 2344
5743 2344
5744 2344
5745 2344
5746 2344
5747 2344
5748 2344
5749 2344
5750 2344
5751 2344
5752 2344
5753 2344
5754 2344
5755 2344
5756 2344
5757 2344
5758 2346
5759 2346
5760 2346
5761 2346
5762 2348
5763 2348
5764 2348
5765 2348
5766 2348
5767 2348
5768 2348
5769 2348
5770 2348
5771 2349 2776
5772 2349
5773 2361
5774 2431
5775 2439
5776 2439
5777 2439
5778 2439
5779 2439
5780 2439
5781 2439
5782 2439
5783 2439
5784 2439
5785 2439
5786 2439
5787 2439
5788 2439
5789 2439
5790 2439
5791 2439
5792 2439
5793 2440
5794 2440
5795 2440
5796 2440
5797 2440 2527
5798 2440
5799 2440
5800 1378 1733 2440 2563
5801 2440
5802 2440
5803 2440
5804 2440
5805 2440
5806 2440
5807 2441
5808 2441
5809 2441
5810 2441
5811 2441
5812 2441
5813 2441
5814 2441
5815 2441
5816 2441
5817 2444
5818 2444
5819 2444
5820 2444
5821 2448
5822 2448
5823 2448
5824 2448
5825 2448
5826 2448
5827 2448
5828 2448
5829 2449
5830 2449
5831 2449
5832 2449
5833 2452
5834 2452
5835 2452
5836 2452
5837 2452
5838 2452
5839 2452
5840 2455
5841 2455
5842 2455
5843 2455
5844 2455
5845 2455
5846 2455
5847 2455
5848 2455
5849 2455
5850 2455
5851 2456
5852 2456
5853 2456
5854 2456
5855 2456
5856 2456
5857 2456
5858 2463
5859 2463
5860 2463
5861 2463
5862 2464
5863 2464
5864 2464
5865 2464
5866 2464
5867 2464
5868 2464
5869 2464
5870 2464
5871 2464
5872 2465
5873 2465
5874 2464 2465
5875 2465
5876 2465
5877 2465
5878 2465
5879 2472
5880 2472
5881 2472
5882 2472
5883 2472
5884 2472
5885 2472
5886 2472
5887 2472
5888 2472
5889 2472
5890 2472
5891 2472
5892 2472
5893 2472
5894 2472
5895 2472
5896 2472
5897 2472
5898 2472
5899 2472
5900 2472
5901 2472
5902 2479
5903 2479
5904 2479
5905 2479
5906 2479
5907 2479
5908 2479
5909 2479
5910 2479
5911 2479
5912 2480
5913 2480
5914 2480
5915 2480
5916 2480
5917 2481
5918 2481
5919 2481
5920 2481
5921 2481
5922 2481
5923 2484
5924 2484
5925 2487
5926 2487
5927 2487
5928 2487
5929 2487
5930 2487
5931 2488
5932 2488
5933 2583
5934 2504
5935 2504
5936 2504
5937 2504
5938 2504
5939 2504
5940 2504
5941 2504
5942 2504
5943 2504
5944 2504
5945 2504
5946 2504
5947 2505
5948 2505
5949 2505
5950 2505 2633
5951 2505
5952 2505
5953 2505
5954 2505
5955 2505
5956 2507
5957 2507
5958 2507
5959 2507
5960 2507
5961 2507
5962 2507
5963 2507
5964 2507
5965 2507
5966 2507
5967 2507
5968 2507
5969 2507
5970 2507
5971 2507
5972 2507
5973 2507
5974 2507
5975 2507
5976 2507
5977 2507
5978 2507
5979 2507
5980 2507
5981 2507
5982 2507
5983 2507
5984 2507
5985 2508
5986 2508
5987 2508
5988 2508
5989 2511
5990 2511
5991 2511
5992 2511
5993 2511
5994 2511
5995 2511
5996 2511
5997 2511
5998 2511
5999 2512
6000 2512
6001 2236 2512
6002 2516
6003 2516
6004 2516
6005 2516
6006 2516
6007 2516
6008 2516
6009 2516
6010 2516
6011 2516
6012 2516
6013 2516
6014 2516
6015 2516
6016 2516
6017 2516
6018 2516
6019 2516
6020 2516
6021 2516
6022 2516
6023 2516
6024 2516
6025 2516
6026 2516
6027 2516
6028 2516
6029 2520
6030 2520
6031 2520
6032 2520
6033 2520
6034 2520
6035 2520
6036 2520
6037 2520
6038 2520
6039 2520
6040 2520
6041 2520
6042 2520
6043 2520
6044 2520
6045 2520
6046 2520
6047 2520
6048 2520
6049 2527
6050 2527
6051 2527
6052 2527
6053 2527
6054 2527
6055 2527
6056 2527
6057 2527
6058 2527
6059 2527
6060 2527
6061 2527
6062 2527
6063 2527
6064 2527
6065 2527
6066 2527
6067 2527
6068 2527
6069 2527
6070 2527
6071 2527
6072 2527
6073 2527
6074 2527
6075 2527
6076 2527
6077 2527
6078 2528
6079 2528
6080 2528
6081 2528
6082 2528
6083 2529
6084 2529
6085 2529
6086 2529
6087 2529
6088 2529
6089 2530
6090 2538
6091 2538
6092 2538
6093 2538
6094 2538
6095 2538
6096 2538
6097 2538
6098 2538
6099 2540
6100 2540
6101 2540
6102 2540
6103 2540
6104 2540
6105 2540
6106 2540
6107 2542
6108 2542
6109 2542
6110 2542
6111 2542
6112 2542
6113 2542
6114 2542
6115 2542
6116 2542
6117 2542
6118 2542
6119 2542
6120 2542
6121 2542
6122 2542
6123 2542 2583
6124 2542
6125 2543
6126 2548
6127 2548
6128 2548
6129 2548
6130 2548
6131 2549
6132 2549
6133 2549
6134 2549
6135 2555
6136 2555
6137 2555
6138 2555
6139 2555
6140 2563
6141 2563
6142 2563
6143 2563
6144 2563
6145 2563
6146 2563
6147 2563
6148 2563
6149 2563
6150 2563
6151 2563
6152 2563
6153 2563
6154 2563
6155 2563
6156 2563
6157 2563
6158 2563
6159 2563
6160 2563
6161 2563
6162 2563
6163 2563
6164 2563
6165 2563
6166 2563
6167 2563
6168 2564
6169 2564
6170 2564
6171 2564
6172 2564
6173 2564
6174 2570
6175 2570
6176 2570
6177 2570
6178 2570
6179 2570
6180 2570
6181 2570
6182 2570
6183 2570
6184 2570
6185 2570
6186 2570
6187 2570
6188 2570
6189 2570
6190 2570
6191 2570
6192 2570
6193 2570
6194 2570
6195 2570
6196 2570
6197 2571
6198 2571
6199 2571
6200 2571
6201 2571
6202 2571
6203 2571
6204 2571
6205 2571
6206 2571
6207 2571
6208 2571
6209 2571
6210 2571
6211 2571
6212 2571
6213 2571
6214 2571
6215 2571
6216 2571
6217 2571
6218 2571
6219 2571
6220 2571
6221 2571
6222 2571
6223 2571
6224 2571
6225 2571
6226 2571
6227 2571
6228 2571
6229 2572
6230 2572
6231 2572
6232 2572
6233 2572
6234 2572
6235 2572
6236 2572
6237 2572
6238 2573
6239 2573
6240 2573
6241 2573
6242 2573
6243 2573
6244 2573
6245 2573
6246 2573
6247 2573
6248 2573
6249 2573
6250 2574
6251 2574
6252 2574
6253 2580
6254 2580
6255 2583
6256 2583
6257 2583
6258 2583
6259 2583
6260 2583
6261 2583
6262 2583
6263 2583
6264 2583
6265 2583
6266 2583
6267 2583
6268 2583
6269 2583
6270 2583
6271 2583
6272 2583
6273 2583
6274 2583
6275 2583
6276 2583
6277 2583
6278 2583
6279 2583
6280 2583
6281 2584
6282 2584
6283 2584
6284 2596
6285 2596
6286 2596
6287 2596
6288 2596
6289 2596
6290 2596
6291 2596
6292 2596
6293 2596
6294 2596
6295 2596
6296 2596
6297 2596
6298 2596
6299 2596
6300 2596
6301 2596
6302 2596
6303 2596
6304 2596
6305 2596
6306 2596
6307 2596
6308 2596
6309 2604
6310 2604
6311 2604
6312 2604
6313 2604
6314 2604
6315 2604
6316 2604
6317 2604
6318 2604
6319 2604
6320 2604
6321 2604
6322 2604
6323 2604
6324 2604
6325 2604
6326 2604
6327 2604
6328 2604
6329 2604
6330 2604
6331 2604
6332 2604
6333 2604
6334 2604
6335 2604
6336 2604
6337 2604
6338 2604
6339 2604
6340 2604
6341 2604
6342 2604
6343 2604
6344 2604
6345 2604
6346 2604
6347 2604
6348 2604
6349 2604
6350 2604
6351 2604
6352 2604
6353 2604
6354 2604
6355 2605
6356 2605
6357 2605
6358 2605
6359 2606
6360 2606
6361 2606
6362 2606
6363 2606
6364 2606
6365 2606
6366 2606
6367 2606
6368 2607
6369 2611
6370 2611
6371 2611
6372 2611
6373 2615
6374 2615
6375 2615
6376 2615
6377 2615
6378 2615
6379 2615
6380 2616
6381 2618
6382 2618
6383 2618
6384 2618
6385 2618
6386 2618
6387 2619
6388 2619
6389 2619
6390 2621
6391 2621
6392 2621
6393 2621
6394 2628
6395 2628
6396 2628
6397 2628
6398 2628
6399 2628
6400 2628
6401 2628
6402 2628
6403 2628
6404 2628
6405 2628
6406 2628
6407 2628
6408 2628
6409 2628
6410 2628
6411 2628
6412 2628
6413 2633
6414 2633
6415 2633
6416 2633
6417 2633
6418 2633
6419 2633
6420 2633
6421 2633
6422 2633
6423 2633
6424 1851 2633
6425 2633
6426 2633
6427 2633
6428 2633
6429 2633
6430 2633
6431 2633
6432 2633
6433 2633
6434 2633
6435 2633
6436 2633
6437 2634
6438 2634
6439 2634
6440 2634
6441 2634
6442 2634
6443 2635
6444 2635
6445 2635
6446 2635
6447 2508 2635
6448 2635
6449 2635
6450 2635
6451 2635
6452 2635
6453 2635
6454 2635
6455 2635
6456 2635
6457 2635
6458 2635
6459 2635
6460 2636
6461 2636
6462 2636
6463 2636
6464 2636
6465 2636
6466 2636
6467 2636
6468 2636
6469 2640
6470 2640
6471 2640
6472 2640
6473 2640
6474 2640
6475 2640
6476 2640
6477 2641
6478 2641
6479 2644
6480 2644
6481 2644
6482 2644
6483 2647
6484 2647 2891
6485 2647
6486 2647
6487 2647
6488 2647
6489 2647
6490 2647
6491 2647
6492 2647
6493 2647
6494 2647 2680
6495 2647
6496 2647
6497 2647
6498 2647
6499 2647
6500 2647
6501 2647
6502 2647
6503 2647
6504 2647
6505 2647
6506 2647
6507 2647
6508 2647
6509 2648
6510 2648
6511 2648
6512 2648
6513 2648
6514 2648
6515 2648
6516 2648
6517 2648
6518 2648
6519 2648
6520 2648
6521 2648
6522 2649
6523 2649
6524 2649
6525 2649
6526 2649
6527 2654
6528 2654
6529 2654
6530 2654
6531 2654
6532 2654
6533 2655
6534 2658
6535 2658
6536 2658
6537 2658
6538 2658
6539 2658
6540 2658
6541 2658
6542 2658
6543 2658
6544 2658
6545 2658
6546 2658
6547 2658
6548 2658
6549 2658
6550 2658
6551 2658
6552 2658
6553 2658
6554 2658
6555 2658
6556 2658
6557 2658
6558 2658
6559 2658
6560 2658
6561 2658
6562 2658
6563 2658
6564 2658
6565 2658
6566 2658
6567 2658
6568 2658
6569 2658
6570 2660
6571 2660
6572 2660
6573 2660
6574 2660
6575 2660
6576 2660
6577 2660
6578 2660
6579 2660
6580 2660
6581 2660
6582 2660
6583 2660
6584 2660
6585 2660
6586 2660
6587 2668
6588 2668
6589 2668
6590 2668
6591 2679
6592 2679
6593 2679
6594 2679
6595 2679
6596 2679
6597 2679
6598 2679
6599 2679
6600 2679
6601 2679
6602 2679
6603 2679
6604 2679
6605 2679
6606 2679
6607 2679
6608 2679
6609 2679
6610 2679
6611 2679
6612 2679
6613 2679
6614 2679
6615 2679
6616 2679
6617 2679
6618 2679
6619 2680
6620 2680
6621 2680
6622 2680
6623 2680
6624 2680
6625 2680
6626 2680
6627 2680
6628 2680
6629 2680
6630 2680
6631 2680
6632 2680
6633 2680
6634 2680
6635 2680
6636 2680
6637 2680
6638 2680
6639 2680
6640 2680
6641 2680
6642 2680
6643 2681
6644 2681
6645 2681
6646 2681
6647 2681
6648 2681
6649 2681
6650 2681
6651 2681
6652 2681
6653 2681
6654 2681
6655 2681
6656 2681
6657 2681
6658 2681
6659 2681
6660 2681
6661 2681
6662 2681
6663 2681
6664 2681
6665 2681
6666 2681
6667 2681
6668 2681
6669 2681
6670 2681
6671 2681
6672 2681
6673 2681
6674 2681
6675 2681
6676 2681
6677 2681
6678 2681
6679 2681
6680 2681
6681 2681
6682 2681
6683 2681
6684 2682 2899
6685 2682
6686 2682
6687 2682
6688 2682
6689 2682
6690 2682
6691 2682
6692 2684
6693 2684
6694 2684
6695 2684
6696 2684
6697 2684
6698 2684
6699 2684
6700 2684
6701 2685
6702 2685
6703 2685
6704 2687
6705 2687
6706 2687
6707 2687
6708 2687
6709 2687
6710 2687
6711 2687
6712 2687
6713 2687
6714 2687
6715 2687
6716 2687
6717 2687
6718 2687
6719 2687
6720 2687
6721 2687
6722 2687
6723 2687
6724 2687
6725 2687
6726 2687
6727 2687
6728 2687
6729 2687
6730 2687
6731 2687
6732 2687
6733 2687
6734 2687
6735 2687
6736 2687
6737 2687
6738 2687
6739 2687
6740 2687
6741 2687
6742 2687
6743 2687
6744 2687
6745 2687
6746 2687
6747 2687
6748 2687
6749 2687
6750 2687
6751 2687
6752 2687
6753 2687
6754 2687
6755 2687
6756 2687
6757 2687
6758 2687
6759 2689
6760 2689
6761 2689
6762 2689
6763 2689
6764 2689
6765 2689
6766 2689
6767 2689
6768 2689
6769 2689
6770 2689
6771 2689
6772 2689
6773 2689
6774 2689
6775 2689
6776 2689
6777 2689
6778 2689
6779 2689
6780 2689
6781 2689
6782 2705
6783 2705
6784 2705
6785 2705
6786 2705
6787 2705
6788 2705
6789 2705
6790 2705
6791 2705
6792 2705
6793 2705
6794 2705
6795 2705
6796 2705
6797 2705
6798 2705
6799 2705
6800 2705
6801 2705
6802 2705
6803 2705
6804 2705
6805 2705
6806 2705
6807 2705
6808 2705
6809 2705
6810 2705
6811 2705
6812 2705
6813 2705
6814 2705
6815 2705
6816 2705
6817 2705
6818 2705
6819 2705
6820 2705
6821 2705
6822 2705
6823 2705
6824 2705
6825 2705
6826 2705
6827 2705
6828 2706
6829 2706
6830 2706
6831 2706
6832 2707
6833 2707
6834 2708
6835 2708
6836 2708
6837 2713
6838 2713
6839 2713
6840 2713
6841 2713
6842 2713
6843 2713
6844 2713
6845 2713
6846 2713
6847 2713
6848 2713
6849 2713
6850 2713
6851 2713
6852 2713
6853 2713
6854 2717
6855 2717
6856 2717
6857 2717
6858 2717
6859 2726
6860 2737
6861 2737
6862 2737
6863 2737
6864 2737
6865 2737
6866 2737
6867 2737
6868 2737
6869 2737
6870 2737
6871 2737
6872 2737
6873 2737
6874 2737
6875 2737
6876 2737
6877 2737
6878 2737
6879 2737
6880 2737
6881 2737
6882 2737
6883 2737
6884 2737
6885 2737
6886 2737
6887 2737
6888 2737
6889 2737
6890 2737
6891 2737
6892 2737
6893 2737
6894 2737
6895 2737
6896 2737
6897 2737
6898 2737
6899 2737
6900 2738
6901 2738
6902 2739
6903 2739
6904 2739
6905 2739
6906 2739
6907 2739
6908 2739
6909 2739
6910 2739
6911 2739
6912 2739
6913 2739
6914 2739
6915 2739
6916 2739
6917 2739
6918 2739
6919 2739
6920 2739
6921 2740
6922 2746
6923 2746
6924 2746
6925 2746
6926 2762
6927 2764
6928 2766
6929 2766
6930 2766
6931 2768
6932 2768
6933 2768
6934 2768
6935 2768
6936 2768
6937 2768
6938 2768
6939 2768
6940 2768
6941 2768
6942 2769
6943 2769
6944 2769
6945 2769
6946 2769
6947 2769
6948 2769
6949 2769
6950 2769
6951 2769
6952 2769
6953 2769
6954 2769
6955 2769
6956 2769
6957 2769
6958 2769
6959 2769
6960 2769
6961 2769
6962 2769
6963 2769
6964 2769
6965 2769
6966 2769
6967 2769
6968 2769
6969 2769
6970 2769
6971 2769
6972 2769
6973 2769
6974 2769
6975 2770
6976 2770
6977 2770
6978 2770
6979 2770
6980 2771
6981 2771
6982 2771
6983 2771
6984 2771
6985 2771
6986 2771
6987 2771
6988 2771
6989 2771
6990 2771
6991 2771
6992 2771
6993 2771
6994 2771
6995 2771
6996 2771
6997 2771
6998 2771
6999 2771
7000 2771
7001 2771
7002 2771
7003 2771
7004 2771
7005 2771
7006 2771
7007 2771
7008 2771
7009 2344 2771
7010 2771
7011 2771
7012 2771
7013 2771
7014 2771
7015 2773
7016 2773
7017 2773
7018 2773
7019 2773
7020 2773
7021 2773
7022 2773
7023 2773
7024 2773
7025 2773
7026 2773
7027 2773
7028 2773
7029 2773
7030 2775
7031 2775
7032 2776
7033 2776
7034 2776
7035 2776
7036 2776
7037 2776
7038 2778
7039 2778
7040 2778
7041 2864
7042 2864
7043 2864
7044 2864
7045 2864
7046 2864
7047 2864
7048 2864
7049 2864
7050 2864
7051 2864
7052 2864
7053 1122 2864
7054 2864
7055 2865
7056 2865
7057 2865
7058 2865
7059 2865
7060 2865
7061 2865
7062 2866
7063 2866
7064 2866
7065 2866
7066 2866
7067 2866
7068 2866
7069 2866
7070 2866
7071 2866
7072 2866
7073 2866
7074 2866
7075 2866
7076 2866
7077 2868
7078 2868
7079 2868
7080 2868
7081 2868
7082 2869
7083 2198 2869
7084 2869
7085 2869
7086 2869
7087 2869
7088 2869
7089 2869
7090 2869
7091 2869
7092 2873
7093 2873
7094 2873
7095 2873
7096 2873
7097 2873
7098 2873
7099 2873
7100 2873
7101 2873
7102 2873
7103 2873
7104 2873
7105 2873
7106 2873
7107 2873
7108 2873
7109 2873
7110 2873
7111 2873
7112 2873
7113 2873
7114 2875
7115 2875
7116 2875
7117 2875
7118 2875
7119 2875
7120 2875
7121 2875
7122 2875
7123 2875
7124 2875
7125 2875
7126 2876
7127 2876
7128 2876
7129 2876
7130 2890
7131 2890
7132 2890
7133 2890
7134 2891
7135 2891
7136 2891
7137 2891
7138 2891
7139 2891 3084
7140 2891
7141 2891
7142 2891
7143 2891
7144 2891
7145 2891
7146 2891
7147 2891
7148 2892
7149 2892
7150 2892
7151 2892
7152 2892
7153 2892
7154 2892
7155 2892
7156 2892
7157 2892
7158 2892
7159 2892
7160 2892
7161 2892
7162 2892
7163 2892
7164 2892
7165 2892
7166 2892
7167 2893
7168 2893
7169 2893
7170 2893
7171 2893
7172 2893
7173 2893
7174 2893
7175 2893
7176 2893
7177 2894
7178 2894
7179 2894
7180 2894
7181 2894
7182 2894
7183 2894
7184 2894
7185 2894
7186 2894
7187 2895
7188 2895
7189 2895
7190 2895
7191 2895
7192 2895
7193 2895
7194 2895
7195 2895
7196 2895
7197 2898
7198 2898
7199 2898
7200 2898
7201 2898
7202 2898
7203 2898
7204 2898
7205 2899
7206 2899
7207 2899
7208 2899
7209 2899
7210 2899
7211 2899
7212 2899
7213 2899
7214 2913
7215 2913
7216 2913
7217 2913
7218 2913
7219 2913
7220 2913
7221 2913
7222 2913
7223 2913
7224 2913
7225 2913
7226 2913
7227 2913
7228 2913
7229 2913
7230 2913
7231 2913
7232 2913
7233 2913
7234 2913
7235 2913
7236 2913
7237 2913
7238 2913
7239 2913
7240 2913
7241 2914
7242 2914
7243 2914
7244 2914
7245 2914
7246 2914
7247 2915
7248 2915
7249 2915
7250 2915
7251 2920
7252 2920
7253 2920
7254 2920
7255 2920
7256 2920
7257 2920
7258 2920
7259 2920
7260 2920
7261 2923
7262 2925
7263 2925
7264 2925
7265 2934
7266 2934
7267 2934
7268 2934
7269 2934
7270 2934
7271 2934
7272 2934
7273 2934
7274 2934
7275 2934
7276 2934
7277 2934
7278 2934
7279 2934
7280 2934
7281 2934
7282 2934
7283 2934
7284 2934
7285 2934
7286 2934
7287 2934
7288 2935
7289 2935
7290 2935
7291 2935
7292 2935
7293 2935
7294 2935
7295 2935
7296 2935
7297 2935
7298 2935
7299 2935
7300 2936
7301 2936
7302 2936
7303 2937
7304 2937
7305 2937
7306 2941
7307 2941
7308 2941
7309 2941
7310 2941
7311 2941
7312 2944
7313 2944
7314 2944
7315 2944
7316 2946
7317 2946
7318 2946
7319 2946
7320 2946
7321 2946
7322 2946
7323 2946
7324 2946
7325 2946
7326 2946
7327 2946
7328 2946
7329 2946
7330 2959
7331 2959
7332 2959
7333 2959
7334 2959
7335 2965
7336 2966
7337 2966
7338 2966
7339 2966
7340 2966
7341 2966
7342 2966
7343 2966
7344 2966
7345 2966
7346 2966
7347 2966
7348 2966
7349 2966
7350 2966
7351 2966
7352 2966
7353 2966
7354 2966
7355 2966
7356 2966
7357 2966
7358 2966
7359 2966
7360 2967
7361 2967
7362 2967
7363 2968
7364 2970
7365 2970
7366 2970
7367 2972
7368 2972
7369 2972
7370 2348 2972
7371 2972
7372 2972
7373 2972
7374 2972
7375 2972
7376 2973
7377 2975
7378 2975
7379 3037
7380 3083
7381 3083
7382 3083
7383 3083
7384 3083
7385 3083
7386 3083
7387 3083
7388 3083
7389 3083
7390 3083
7391 3083
7392 3083
7393 3083
7394 3084
7395 3084
7396 3084
7397 3084
7398 3084
7399 3084
7400 3084
7401 3084
7402 3084
7403 3084
7404 3084
7405 3084
7406 3084
7407 3084
7408 3085
7409 3085
7410 3085
7411 3085
7412 3085
7413 3085
7414 3085
7415 3085
7416 3085
7417 3085
7418 3086
7419 3086
7420 3088
7421 3088
7422 3088
7423 3088
7424 3089
7425 3089
7426 3089
7427 3092
7428 3092
7429 3092
7430 3092
7431 3093
7432 3093
7433 3093
7434 3093
7435 3093
7436 3093
7437 3093
7438 3093
7439 3093
7440 3093
7441 3093
7442 3093
7443 3093
7444 3093
7445 3094
7446 3094
7447 3101
7448 3104
7449 3127
7450 3127
7451 3127
7452 3127
7453 3134
7454 3134
7455 3134
7456 3134
7457 3134
7458 3134
7459 3139
7460 3139
7461 3139
7462 3139
7463 3139
7464 3139
7465 3144
7466 3144
7467 3144
7468 3144
7469 3144
7470 3144
7471 3168
7472 3168
7473 3173
7474 3189
7475 3189
7476 3189
7477 3189
7478 3189
7479 3189
7480 3189
7481 3189
7482 3189
7483 3189
7484 3189
7485 3189
7486 3189
7487 3189
7488 3189
7489 3189
7490 3192
7491 3192
7492 3192
7493 3192
7494 3192
7495 3192
7496 3192
7497 3192
7498 3192
7499 3193
7500 3193
7501 3193
7502 3201
7503 3201
7504 3201
7505 3201
7506 3201
7507 3201
7508 3201
7509 3201
7510 3201
7511 3201
7512 3201
7513 3209
7514 3209
7515 3209
7516 3209
7517 3211
7518 2040 3230
7519 3230
7520 3230
7521 3230
7522 3230
7523 3230
7524 3230
7525 3230
7526 3230
7527 3230
7528 3232
7529 3235
7530 3230
7531 3230
7532 3235
7533 3235
7534 3236
7535 3236
7536 3236
7537 3236
7538 3236
7539 3236
7540 3236
7541 3236
7542 3236
7543 3236
7544 3240
7545 3240
7546 3240
7547 3240
7548 3240
7549 3240
7550 3240
7551 3240
7552 3240
7553 3240
7554 3240
7555 3240
7556 3240
7557 3240
7558 3240
7559 3240
7560 3240
7561 3240
7562 3240
7563 3240
7564 3240
7565 3240
7566 3240
7567 3240
7568 3240
7569 3240
7570 3240
7571 3241
7572 3240 3241
7573 3241
7574 3241
7575 3241
7576 3252
7577 3252
7578 3252
7579 3252
7580 3252
7581 3252
7582 3252
7583 3252
7584 3252
7585 3252
7586 3252
7587 3252
7588 3252
7589 3252
7590 3263
7591 3263
7592 3266
7593 3266
7594 3266
7595 3266
7596 3266
7597 3286
7598 3286
7599 3286
7600 3286
7601 3286
7602 3286
7603 3286
7604 3289
7605 3289
7606 3289
7607 2106 3289
7608 3289
7609 3289
7610 3289
7611 3289
7612 3289
7613 3289
7614 3291
7615 3291
7616 3294
7617 3294
7618 3294
7619 3294
7620 3294
7621 3294
7622 3294
7623 3294
7624 3294
7625 3294
7626 3294
7627 3294
7628 3294
7629 3294
7630 3295
7631 3295
7632 3295
7633 3295
7634 3295
7635 3296
7636 3296
7637 3296
7638 3296
7639 3296
7640 3296
7641 3296
7642 3296
7643 3296
7644 3296
7645 3296
7646 3296
7647 3296
7648 3296
7649 3297
7650 3297
7651 3299
7652 3299
7653 3299
7654 3299
7655 3299
7656 3299
7657 3299
7658 3299
7659 3299
7660 3299
7661 3299
7662 3299
7663 3300
7664 3300
7665 3300
7666 3300
7667 3300
7668 3300
7669 3300
7670 3302
7671 3302
7672 3302
7673 3302
7674 3302
7675 3302
7676 3302
7677 3302
7678 3302
7679 3302
7680 3302
7681 3302
7682 3302
7683 3302
7684 3302
7685 3303
7686 3303
7687 3303
7688 3303
7689 3303
7690 3303
7691 3303
7692 3303
7693 3303
7694 3303
7695 3303
7696 3303
7697 3303
7698 3303
7699 3303
7700 3303
7701 3303
7702 3303
7703 3304
7704 3304
7705 3311
7706 3311
7707 3311
7708 3311
7709 3302 3311
7710 3313
7711 3313
7712 3313
7713 3313
7714 3313
7715 3313
7716 3313
7717 3313
7718 3313
7719 3314
7720 3314
7721 3314
7722 3314
7723 3316
7724 3316
7725 3316
7726 3316
7727 3317
7728 3319
7729 3319
7730 3332
7731 3332
7732 3332
7733 3332
7734 3333
7735 3333
7736 3333
7737 3333
7738 3333
7739 3333
7740 3333
7741 3333
7742 3333
7743 3333
7744 3333
7745 3333
7746 3333
7747 3333
7748 3333
7749 3333
7750 3333
7751 3333
7752 3333
7753 3333
7754 3334
7755 3334
7756 3334
7757 3334
7758 3335
7759 3336
7760 3336
7761 3336
7762 3336
7763 3336
7764 3336
7765 3336
7766 3336
7767 3336
7768 3336
7769 3336
7770 3336
7771 3339
7772 3339
7773 3339
7774 3339
7775 3339
7776 3339
7777 3339
7778 3339
7779 3339
7780 3339
7781 3339
7782 3339
7783 2516 3339
7784 3339
7785 3339
7786 3339
7787 3339
7788 3339
7789 3339
7790 3339
7791 3340
7792 3340
7793 3340
7794 3340
7795 3340
7796 3340
7797 3340
7798 3340
7799 3340
7800 3344
7801 3344
7802 3344
7803 3344
7804 3344
7805 3344
7806 3344
7807 3344
7808 3344
7809 3344
7810 3344
7811 3344
7812 3344
7813 3344
7814 3344
7815 3344
7816 3344
7817 3344
7818 3344
7819 3344
7820 3344
7821 3344
7822 3344
7823 3344
7824 3344
7825 3344
7826 3344
7827 3344
7828 3344
7829 3344
7830 3344
7831 3344
7832 3344
7833 3344
7834 3344
7835 3344
7836 3344
7837 3344
7838 3344
7839 3344
7840 3344
7841 3345
7842 3345
7843 3345
7844 3346
7845 3346
7846 3346
7847 3346
7848 3346
7849 3346
7850 3347
7851 3347
7852 3347
7853 3352
7854 3352
7855 3352
7856 3352
7857 3352
7858 3352
7859 3352
7860 3352
7861 3352
7862 3352
7863 3354
7864 3354
7865 3354
7866 3354
7867 3354
7868 3354
7869 3354
7870 3354
7871 3354
7872 3354
7873 3354
7874 3354
7875 3354
7876 3354
7877 3355
7878 3355
7879 3355
7880 3355
7881 3355
7882 3356
7883 3356
7884 3356
7885 3356
7886 3356
7887 3356
7888 3356
7889 3356
7890 3356
7891 3356
7892 3356
7893 3356
7894 3356
7895 3356
7896 3356
7897 3356
7898 3356
7899 3357
7900 1166 3357
7901 3357
7902 3357
7903 3357
7904 3359
7905 3359
7906 3359
7907 3359
7908 3359
7909 3359
7910 3359
7911 3359
7912 3359
7913 3359
7914 3359
7915 3359
7916 3359
7917 3359
7918 3359
7919 3359
7920 3359
7921 3359
7922 3359
7923 3359
7924 3359
7925 3359
7926 3359
7927 3359
7928 3365
7929 3365
7930 3365
7931 3365
7932 3365
7933 3365
7934 3365
7935 3365
7936 3365
7937 3365
7938 3365
7939 3365
7940 3365
7941 3365
7942 3365
7943 3365
7944 3365
7945 3365
7946 3365
7947 3365
7948 3366
7949 3366
7950 3371
7951 3371
7952 3371
7953 3372
7954 3372
7955 3372
7956 3372
7957 3372
7958 3372
7959 3372
7960 3372
7961 3372
7962 3372
7963 3372
7964 3372
7965 3372
7966 3377
7967 3377
7968 3377
7969 3377
7970 3377
7971 3377
7972 3377
7973 3377
7974 3377
7975 3377
7976 3377
7977 3377
7978 3377
7979 3379
7980 3379
7981 3379
7982 3379
7983 3379
7984 3379
7985 3379
7986 3379
7987 3379
7988 2573 3379
7989 3384
7990 3386
7991 3386
7992 3386
7993 3386
7994 3390
7995 3390
7996 3390
7997 3395
7998 3395
7999 3395
8000 3395
8001 3395
8002 3395
8003 3395
8004 3395
8005 3403
8006 3403
8007 3403
8008 3403
8009 3403
8010 3406
8011 3406
8012 3406
8013 3409
8014 3409
8015 3409
8016 3409
8017 3409
8018 3411
8019 3412
8020 3412
8021 3412
8022 3412
8023 3415
8024 3415
8025 3415
8026 3415
8027 3417
8028 3417
8029 3417
8030 3418
8031 3418
8032 3418
8033 3418
8034 3420
8035 3422
8036 3422
8037 3422
8038 3422
8039 3422
8040 3422
8041 3422
8042 3422
8043 3422
8044 3422
8045 3422
8046 3422
8047 3422
8048 3422
8049 3422
8050 3422
8051 3422
8052 3422
8053 3422
8054 3422
8055 3431
